,Total Demand,Change in Demand,Price Surge,Minimum Temperature (°C),Maximum Temperature (°C),Rainfall (mm),Evaporation (mm),Sunshine (hours),Speed of Maximum Wind Gust (km/h),9am Temperature (°C),9am Relative Humidity (%),9am Cloud Amount (oktas),9am Wind Speed (km/h),3pm Temperature (°C),3pm Relative Humidity (%),3pm Cloud Amount (oktas),3pm Wind Speed (km/h)
Total Demand,1.0,0.18733997897811802,0.0,0.04986092532803389,0.06744012430191017,0.0,0.06428975870357562,0.04986092532803389,0.023496283412996366,0.0642400260588389,0.09154271415654268,0.0014869626916373302,0.005288404764741419,0.0673694094336632,0.023062266498522072,0.0025774430356464563,0.044471374817255736
Change in Demand,0.18733997897811802,1.0,0.0,0.016264550970576778,0.010778870405322603,0.0,0.032870619114984075,0.001062112020239143,0.008675973346168535,0.014774912717890299,0.03740495348762148,0.003292021721477508,0.003625027418377973,0.016264550970576778,0.0046506458606489645,0.0011329060783078976,0.012737609028291588
Price Surge,0.0,0.0,1.0,1.2814716058941062e-15,0.0,1.0,2.7235088374544924e-15,1.2814716058941062e-15,1.4572138287566737e-15,0.0,0.0,0.0,2.7129508959118403e-15,1.2814716058941062e-15,0.0,0.0,2.627756132438638e-15
Minimum Temperature (°C),0.04986092532803389,0.016264550970576778,1.2814716058941062e-15,1.0,0.2603219133784916,1.2814716058941062e-15,0.19284263091652867,0.0010541902944630444,0.0003934493874729847,0.4651008074212655,0.024991206810409713,0.023118642390821172,0.00033086126188245973,0.2602818837333595,0.002062389029867099,0.002782949296116724,0.00018149338199796317
Maximum Temperature (°C),0.06744012430191017,0.010778870405322603,0.0,0.2603219133784916,1.0,0.0,0.20413467436029517,0.044555826492937406,0.0003379198097479167,0.44596419530684417,0.06514309690221118,0.008084329399291736,0.0034997449890319878,0.7502141522629138,0.05129823034410274,0.019481025838380784,0.000126272133313023
Rainfall (mm),0.0,0.0,1.0,1.2814716058941062e-15,0.0,1.0,2.7235088374544924e-15,1.2814716058941062e-15,1.4572138287566737e-15,0.0,0.0,0.0,2.7129508959118403e-15,1.2814716058941062e-15,0.0,0.0,2.627756132438638e-15
Evaporation (mm),0.06428975870357562,0.032870619114984075,2.7235088374544924e-15,0.19284263091652867,0.20413467436029517,2.7235088374544924e-15,1.0,0.007355012685914942,0.024677781895443347,0.2739860171053985,0.08139786124308203,0.000530053584540026,0.0005666276928280631,0.1818430943748769,0.0076858247302605,2.9843444026810633e-07,0.003002549981345116
Sunshine (hours),0.04986092532803389,0.001062112020239143,1.2814716058941062e-15,0.0010541902944630444,0.044555826492937406,1.2814716058941062e-15,0.007355012685914942,1.0,0.001915110294991942,0.009553526650444899,0.0710885134369565,0.22462427170672827,0.006515909248488795,0.05533798085632466,0.0966587233680771,0.2283009964415757,0.009687453351193186
Speed of Maximum Wind Gust (km/h),0.023496283412996366,0.008675973346168535,1.4572138287566737e-15,0.0003934493874729847,0.0003379198097479167,1.4572138287566737e-15,0.024677781895443347,0.001915110294991942,1.0,0.00021269021677573741,0.07565864640494954,0.0008734536125369659,0.11221677887857254,0.001915110294991942,0.022811132550016818,0.0027630642840693743,0.10820789050519086
9am Temperature (°C),0.0642400260588389,0.014774912717890299,0.0,0.4651008074212655,0.4459641953068443,0.0,0.2739860171053985,0.009553526650444899,0.00021269021677573741,1.0,0.05010665993273571,0.000705880276111771,0.003625027418377973,0.37344082906647297,0.003938593961361727,0.0033403167779560952,0.0010741121974380567
9am Relative Humidity (%),0.09154271415654268,0.03740495348762148,0.0,0.024991206810409713,0.06514309690221118,0.0,0.08139786124308203,0.0710885134369565,0.07565864640494954,0.05010665993273571,1.0,0.015163433276482537,0.047689300075046626,0.05872719196928795,0.0900284365287697,0.005496624555872352,0.035599989119060094
9am Cloud Amount (oktas),0.0014869626916373302,0.003292021721477508,0.0,0.023118642390821172,0.008084329399291736,0.0,0.000530053584540026,0.22462427170672827,0.0008734536125369659,0.000705880276111771,0.015163433276482537,1.0,0.0015010226506527095,0.010053629104123309,0.08072840971588296,0.10366770681583445,0.002978798651797037
9am Wind Speed (km/h),0.005288404764741419,0.003625027418377973,2.7129508959118403e-15,0.00033086126188245973,0.0034997449890319878,2.7129508959118403e-15,0.0005666276928280631,0.006515909248488795,0.11221677887857254,0.003625027418377973,0.047689300075046626,0.0015010226506527095,1.0,0.004650923807986967,0.011391646224207762,0.014591893988527452,0.03010974172743241
3pm Temperature (°C),0.0673694094336632,0.016264550970576778,1.2814716058941062e-15,0.2602818837333595,0.7502141522629138,1.2814716058941062e-15,0.1818430943748769,0.05533798085632466,0.001915110294991942,0.37344082906647297,0.05872719196928795,0.010053629104123309,0.004650923807986967,1.0,0.06230474133123206,0.030288655573005308,0.00018149338199796317
3pm Relative Humidity (%),0.023062266498522072,0.0046506458606489645,0.0,0.002062389029867099,0.05129823034410274,0.0,0.0076858247302605,0.0966587233680771,0.022811132550016818,0.003938593961361727,0.0900284365287697,0.08072840971588296,0.011391646224207762,0.06230474133123206,1.0,0.04388544466661066,0.0028850583603598906
3pm Cloud Amount (oktas),0.0025774430356464563,0.0011329060783078976,0.0,0.002782949296116724,0.019481025838380784,0.0,2.9843444026810633e-07,0.2283009964415757,0.0027630642840693743,0.0033403167779560952,0.005496624555872352,0.10366770681583445,0.014591893988527452,0.030288655573005308,0.04388544466661066,1.0,0.00012905493579315794
3pm Wind Speed (km/h),0.044471374817255736,0.012737609028291588,2.627756132438638e-15,0.00018149338199796317,0.000126272133313023,2.627756132438638e-15,0.003002549981345116,0.009687453351193186,0.10820789050519086,0.0010741121974380567,0.035599989119060094,0.002978798651797037,0.03010974172743241,0.00018149338199796317,0.0028850583603598906,0.00012905493579315794,1.0
