,Total Demand,Change in Demand,Price Surge,Minimum Temperature (°C),Maximum Temperature (°C),Rainfall (mm),Speed of Maximum Wind Gust (km/h),9am Temperature (°C),9am Relative Humidity (%),9am Wind Speed (km/h),3pm Temperature (°C),3pm Relative Humidity (%),3pm Wind Speed (km/h)
Total Demand,1.0,0.21287877997757673,0.023954946095308793,0.0862972255200027,0.09986012555075516,1.01057972802064e-15,0.010107546779197852,0.10527736877270075,0.060819712674554875,0.007013684357920279,0.07787251793908061,0.08718008635771997,0.01738230881256166
Change in Demand,0.21287877997757673,1.0,0.01302686676713529,0.02663422632580992,0.03486554342073325,1.01057972802064e-15,0.008936909493877187,0.03810367641445047,0.025231482087147247,0.003424406081165256,0.02580951011763207,0.04035536795722683,0.006884719400446886
Price Surge,0.023954946095308793,0.01302686676713529,1.0,0.05712834699612649,0.0381189334651059,1.2341605072337632e-14,0.004913351616691695,0.05712834699612649,0.022340637127424512,0.008378544904120653,0.03853761769591449,0.021999530769153855,0.0060045065988209405
Minimum Temperature (°C),0.0862972255200027,0.02663422632580992,0.05712834699612649,1.0,0.2457258427916954,1.01057972802064e-15,0.010265259580289347,0.3263703016137869,0.042019849519257316,0.004856011479950234,0.24229188838705462,0.05628569651322192,0.0011595736113434007
Maximum Temperature (°C),0.09986012555075516,0.03486554342073325,0.0381189334651059,0.2457258427916954,1.0,5.053566517307625e-16,0.016507222858559933,0.5137574487052629,0.1313360534229123,0.04594112868591329,0.70882833828058,0.23905611297932317,0.01753308344146038
Rainfall (mm),1.01057972802064e-15,1.01057972802064e-15,1.2341605072337632e-14,1.01057972802064e-15,5.053566517307625e-16,1.0,1.6253726000412209e-15,1.01057972802064e-15,1.6180026605272147e-15,0.0,5.053065583794439e-16,5.053065583794439e-16,5.285060959434812e-16
Speed of Maximum Wind Gust (km/h),0.010107546779197852,0.008936909493877187,0.004913351616691695,0.010265259580289347,0.016507222858559933,1.6253726000412209e-15,1.0,0.006217322467480228,0.012076004449655266,0.12018513447152458,0.009768112859656041,0.004112065929233651,0.17838458993415635
9am Temperature (°C),0.10527736877270075,0.03810367641445047,0.05712834699612649,0.3263703016137869,0.5137574487052626,1.01057972802064e-15,0.006217322467480228,1.0,0.11833215363536517,0.041644575811045956,0.44994070174127265,0.14636240343021661,0.006823364931070943
9am Relative Humidity (%),0.060819712674554875,0.025231482087147247,0.022340637127424512,0.042019849519257316,0.1313360534229123,1.6180026605272147e-15,0.012076004449655266,0.11833215363536517,1.0,0.015150440528269752,0.11794807300906036,0.27563902493447373,0.003937307330430341
9am Wind Speed (km/h),0.007013684357920279,0.003424406081165256,0.008378544904120653,0.004856011479950234,0.04594112868591329,0.0,0.12018513447152458,0.041644575811045956,0.015150440528269752,1.0,0.04164347986697641,0.005881977962792271,0.03988992245270838
3pm Temperature (°C),0.07787251793908061,0.02580951011763207,0.03853761769591449,0.24229188838705462,0.70882833828058,5.053065583794439e-16,0.009768112859656041,0.44994070174127265,0.11794807300906036,0.04164347986697641,1.0,0.25571934584150124,0.013695492977477703
3pm Relative Humidity (%),0.08718008635771997,0.04035536795722683,0.021999530769153855,0.05628569651322192,0.23905611297932317,5.053065583794439e-16,0.004112065929233651,0.14636240343021661,0.27563902493447373,0.005881977962792271,0.25571934584150124,1.0,0.0063031389102149
3pm Wind Speed (km/h),0.01738230881256166,0.006884719400446886,0.0060045065988209405,0.0011595736113434007,0.01753308344146038,5.285060959434812e-16,0.17838458993415635,0.006823364931070943,0.003937307330430341,0.03988992245270838,0.013695492977477703,0.0063031389102149,1.0
